3.09989
1.94994
1.19642
0.681032
0.384582
0.24639
0.190247
0.167614
0.157242
0.151334
0.14724
0.143965
0.141122
0.138508
0.136012
0.133523
0.131064
0.128613
0.126142
0.123684
0.121396
0.119497
0.11792
0.116446
0.115009
0.113574
0.112156
0.110768
0.109418
0.108081
0.106769
0.105393
0.103428
0.101195
0.0991417
0.0971185
0.094908
0.0928536
0.0911346
0.0896405
0.0882626
0.0869563
0.0857136
0.0845249
0.0833497
0.082176
0.0810178
0.0798783
0.0787377
0.0776058
0.0764701
0.0753365
0.0742177
0.0731123
0.0720245
0.0709583
0.069912
0.0688914
0.0679025
0.0669594
0.0660705
0.0652395
0.0644641
0.0637474
0.0630784
0.0624438
0.0618343
0.0612499
0.060687
0.0601375
0.0595981
0.0590681
0.0585466
0.0580322
0.0575247
0.0570222
0.0565239
0.0560312
0.055542
0.0550567
0.0545757
0.0540979
0.0536237
0.0531536
0.0526882
0.0522266
0.0517686
0.051314
0.0508621
0.0504135
0.0499681
0.0495256
0.0490857
0.0486484
0.0482133
0.0477804
0.0473502
0.0469219
0.0464955
0.0460716
0.0456503
0.0452315
0.0448162
0.0444054
0.0439995
0.0436002
0.0432122
0.0428338
0.0424639
0.0421029
0.0417465
0.041396
0.0410504
0.0407098
0.0403728
0.0400393
0.0397089
0.0393813
0.0390574
0.0387378
0.0384208
0.038107
0.037796
0.0374878
0.0371827
0.0368808
0.0365819
0.0362856
0.0359924
0.0357019
0.0354138
0.0351283
0.0348448
0.0345655
0.0342882
0.0340134
0.0337414
0.0334719
0.033205
0.03294
0.0326787
0.032419
0.0321617
0.0319063
0.0316548
0.0314045
0.0311579
0.030913
0.03067
0.0304306
0.030192
0.029957
0.0297227
0.0294919
0.029262
0.0290355
0.0288101
0.0285883
0.0283673
0.0281496
0.0279331
0.0277197
0.0275071
0.0272976
0.0270888
0.0268831
0.02668
0.0264777
0.0262782
0.0260817
0.0258862
0.0256933
0.0255032
0.025314
0.025127
0.024942
0.0247597
0.0245782
0.024399
0.0242218
0.0240464
0.0238736
0.0237017
0.0235321
0.0233642
0.0231979
0.0230334
0.0228704
0.0227092
0.0225495
0.0223918
0.0222352
0.0220806
0.0219277
0.0217762
0.0216261
0.0214785
0.0213321
0.0211873
0.0210443
