1.81655
1.1946
1.07475
0.987244
0.920695
0.867336
0.823299
0.786311
0.754582
0.727073
0.702931
0.681289
0.661907
0.644452
0.628527
0.613956
0.600482
0.587953
0.57624
0.565233
0.554862
0.54509
0.535882
0.527191
0.518965
0.51112
0.503677
0.496564
0.48975
0.483215
0.476928
0.470886
0.465065
0.459453
0.454044
0.448797
0.443722
0.438792
0.43402
0.42937
0.424854
0.420468
0.41621
0.412081
0.408073
0.404178
0.400375
0.396676
0.393072
0.389544
0.386097
0.382731
0.379425
0.37618
0.373005
0.369897
0.366856
0.363882
0.36097
0.358121
0.355328
0.352582
0.349897
0.347247
0.344645
0.342098
0.33959
0.33712
0.334692
0.332301
0.329948
0.32763
0.325349
0.3231
0.320881
0.318705
0.31655
0.314436
0.312341
0.310278
0.30825
0.30625
0.304278
0.302344
0.300434
0.298542
0.296682
0.294837
0.293021
0.291228
0.28946
0.287711
0.285982
0.284285
0.282595
0.280934
0.279294
0.277668
0.27606
0.27447
0.272893
0.271348
0.269804
0.268284
0.266781
0.265288
0.263825
0.262366
0.260938
0.259511
0.258111
0.256716
0.255337
0.25398
0.252636
0.251305
0.249993
0.248685
0.247394
0.246118
0.244851
0.243606
0.242364
0.241132
0.239924
0.238723
0.237538
0.236358
0.235196
0.234045
0.232904
0.231769
0.230649
0.229538
0.228431
0.22734
0.226259
0.225186
0.22412
0.223065
0.22202
0.220983
0.219956
0.218934
0.217926
0.216928
0.215932
0.214947
0.213969
0.212999
0.212038
0.211084
0.21014
0.2092
0.208274
0.207356
0.206441
0.20554
0.204637
0.203751
0.20287
0.201993
0.201125
0.200267
0.199413
0.198566
0.197731
0.196896
0.196073
0.195245
0.194438
0.193625
0.192829
0.19203
0.191242
0.190458
0.189686
0.188913
0.18815
0.187391
0.186638
0.185884
0.185142
0.184404
0.183673
0.182939
0.182216
0.181496
0.180784
0.180073
0.179373
0.178673
0.177982
0.177295
0.176613
0.175934
0.175262
0.174592
0.17393
0.173272
