1.90109
1.17724
1.04686
0.955695
0.887966
0.835186
0.792649
0.757171
0.726888
0.700717
0.677588
0.657026
0.638651
0.622058
0.606925
0.593019
0.580097
0.568143
0.557058
0.546653
0.536888
0.527702
0.519025
0.510791
0.502966
0.49553
0.488438
0.481659
0.475154
0.46891
0.462892
0.457113
0.451549
0.446199
0.441023
0.436041
0.431219
0.426556
0.422042
0.417639
0.413331
0.409133
0.405036
0.401066
0.397211
0.39345
0.389793
0.386227
0.382746
0.379355
0.376046
0.372818
0.369662
0.366569
0.363539
0.360583
0.357692
0.354861
0.352085
0.349374
0.346697
0.344077
0.341503
0.338978
0.336496
0.334054
0.331659
0.329309
0.326994
0.324734
0.322508
0.320333
0.318176
0.316058
0.313976
0.311922
0.309901
0.307912
0.305957
0.304022
0.302125
0.30025
0.298397
0.296572
0.294776
0.292993
0.291232
0.289493
0.287775
0.286079
0.284419
0.282769
0.281149
0.279549
0.27796
0.276393
0.274842
0.273302
0.271789
0.270281
0.268794
0.267323
0.265866
0.264425
0.262995
0.26158
0.260183
0.258799
0.257439
0.256083
0.254746
0.253425
0.252119
0.250828
0.249553
0.248288
0.247036
0.245801
0.24457
0.243362
0.242159
0.24097
0.239797
0.23863
0.237476
0.236339
0.235209
0.234093
0.232978
0.231873
0.230783
0.229696
0.228625
0.227564
0.226505
0.225458
0.224429
0.223403
0.222385
0.221381
0.220379
0.219398
0.218414
0.217447
0.216489
0.215535
0.214585
0.213643
0.212715
0.211789
0.210863
0.209959
0.209053
0.20816
0.207271
0.206392
0.205523
0.204657
0.2038
0.202947
0.202105
0.201269
0.20044
0.199616
0.198799
0.197984
0.19718
0.196369
0.195579
0.194785
0.194005
0.193226
0.192454
0.191687
0.190922
0.190168
0.189416
0.188673
0.187933
0.1872
0.186475
0.18575
0.185034
0.184319
0.183614
0.182915
0.182216
0.181528
0.180845
0.18016
0.17948
0.178808
0.178142
0.177474
0.176817
0.176165
0.175512
0.174866
0.174223
0.173586
