2.49658
1.80729
1.32629
0.945095
0.65198
0.448345
0.323332
0.255838
0.223368
0.208945
0.202794
0.200188
0.199058
0.198546
0.198302
0.198182
0.19812
0.198087
0.19807
0.198061
0.198056
0.198054
0.198054
0.198052
0.198052
0.198052
0.198052
0.198053
0.198053
0.198053
0.198053
0.198053
0.198055
0.198054
0.198053
0.198053
0.198053
0.198053
0.198053
0.198053
0.198053
0.198053
0.198053
0.198053
0.198053
0.198053
0.198053
0.198053
0.198053
0.198053
0.198053
0.198053
0.198053
0.198053
0.198053
0.198053
0.198053
0.198053
0.198053
0.198053
0.198053
0.198053
0.198053
0.198053
0.198053
0.198053
0.198053
0.198053
0.198053
0.198053
0.198053
0.198053
0.198053
0.198053
0.198053
0.198053
0.198053
0.198053
0.198053
0.198053
0.198053
0.198053
0.198053
0.198053
0.198053
0.198053
0.198053
0.198053
0.198053
0.198053
0.198053
0.198053
0.198053
0.198053
0.198053
0.198053
0.198053
0.198053
0.198053
0.198053
0.198053
0.198053
0.198053
0.198053
0.198053
0.198053
0.198053
0.198053
0.198053
0.198053
0.198053
0.198053
0.198053
0.198053
0.198053
0.198053
0.198053
0.198053
0.198053
0.198053
0.198053
0.198053
0.198053
0.198053
0.198053
0.198053
0.198053
0.198053
0.198053
0.198053
0.198053
0.198053
0.198053
0.198053
0.198053
0.198053
0.198053
0.198053
0.198053
0.198053
0.198053
0.198053
0.198053
0.198053
0.198053
0.198053
0.198053
0.198053
0.198053
0.198053
0.198053
0.198053
0.198053
0.198053
0.198053
0.198053
0.198053
0.198053
0.198053
0.198053
0.198053
0.198053
0.198053
0.198053
0.198053
0.198053
0.198053
0.198053
0.198053
0.198053
0.198053
0.198053
0.198053
0.198053
0.198053
0.198053
0.198053
0.198053
0.198053
0.198053
0.198053
0.198053
0.198053
0.198053
0.198053
0.198053
0.198053
0.198053
0.198053
0.198053
0.198053
0.198053
0.198053
0.198053
0.198053
0.198053
0.198053
0.198053
0.198053
0.198053
